$ANSIBLE_VAULT;1.1;AES256
31613761643633666538623334656661303664393562613933623631356133303063623332383433
3563366634373936396663376164343435336133306338380a633235663162666166663562656531
63343930373031646531636664303033346566363633343335613534393766303036643562323935
3733663263366639310a613235363939346433343536666638663535356233396639353839613861
65376431633166656262333864396237323030353764636437366561623831663832613861396632
31643930313130656430393766663536363734666666646165336461626564663930653737666138
37383462363166636236656230336566666135633833396332393462316533376638653731316565
63396432323662306564616465626532653436646630636538393161663539323232373562346465
62323837313930383562323961653933653239633162393539373132666334613433343562623961
36646233636632353734303039636337313939613264643837353366643030383730343337376664
66646231623734623132613537613839383833313039396164613461303862643637373239653930
39333863393762346162346164613633346563316230366539636233663466656133636434336430
39623465613533373865323035376366316261313338346532626239646235623962396131363634
36653735643761623332663164336163313936333736343163656638646338653733323361646139
63386262383138656663613238376565323633353836376338363437393536363239663032396136
35313564393931363262663565383163626333366662383931306463306265326539363435373737
32323837363731376535376338383436333666393863303131373766643038356564353435373130
66613735613830356663646663343634323166666335613038396539393561393439373362643538
37393537613338323136356365376233336639333162666464396534366163353135383064656330
63383830343333633537363466353034303162376166313132663533346139316536666630356466
30663039313366383531643030613465363435366534303834326262656233613935353265653661
37333731623233653439333635666334666637333030653035636339383838336463653566613331
64336561363864626439386464393731386439636463366565633934633735623335313237386262
39356236643339613937366230613262636531643430623531323766656437343539613165303832
33666465633662336463613934363035663763363861333730616638623333643233326263303337
34343861613530383131653339393136353730396339663736396235386539623633623933303639
32366363663931323861313165623334393438396534656463366563333330356565356531656162
30316630666563303133363765343463386561323562303232393336353033326434313639386537
65613665393033653262666238646231636534343166636161366131303138616230613531313333
36353131366632313632613032343230313830633331393534633338633834363737353036383730
33356332643337653530636639626230373030336331653733303764313737373365323134666536
66303631616161393233666531613339623034376638393565386335386434616137613735333638
32636138663636333661353966366263666530363736366538666264353866326134666634623735
37386635323536633434643032373436363562613735623564623561643263303236626336623763
36646166306535303163616561383163636334333432373831303262366237616333336439626431
62663033376564623562303936666165666662353765373838373939323837336162363231303064
64353330373139366536343634356333666364643863346537643234303232326163646638646665
31336339616538316665346331373864613339323638343530346330366265323033353136373163
66663263613438356538363566306530643964333435353031323265356333633534646534393563
65633765623938666262616266613531363233386231303266623531646236326439666163326131
34633539353737656337346530363231303362353234613633316462343131653234323932366561
30346330313134323835636465643435373761383730313531313931313862373361323362626364
62633836646661636637383366393665663631663639363238396262666438656365343466396438
36376438393038366566393564626664326237396563386138323338396139623064323230383136
36323433396233666636623265353165363166393032633137353061656337376363303337343830
61653261313135633633613338356531393234643065363634623666393530653565303935643738
66336366333066323830643562636134636236373463383933663734373431363061306232333063
31366264623232643035663636326463336637353130306339373430653133643830393739326661
30333964363164356136323565633738323131633735326334323039616533333032383262306238
64356533316233376166633437333462343962336639616135616663323033326435663534636261
38363465353635363438303232303935373234316634663034633762383965643634653238333038
32363137343233396239363033323036343661656537356239633438636536616133393366326338
33383439383036633639643330666266336466633766613733336136323038326237376662646564
35373431666638346232316564653335323931323562396130663637386637623562306635376434
30373365316466626462623733626134363162633833326632393539613430616538356438373037
64326331336136613133623034613766323630326566386132393931323032663665393638333561
39383832356263663535643631666263636464373930303133623764323265353734333966363430
39626138373461656162396164643233343634323836363834623364386336643166393337373534
64343162613466666565666133656532616339333830316132623934343262316639666633346537
64663766613833333866646233393862363138343465616637646638306331306439663732663734
37643863373233393764323831653937663362626330663338336138383637616566303838636562
38326630313936333838643364613932386234326430383165616631343463356130383764623937
63376362313761663966353038626537303235633131363063343264663135643339623062353036
37663930313534323763333634373530366139666536393965646138316339653937633536616535
30653963653534333935643165336462663565643733613966366535653835393665653931396232
64663930356630373132623062386434313463376638353637646531333238346634323332343766
65383039343764623866366431336364323437363837393036316463396364333133666430343233
64623432383031383164316639663564616333386638656662346630626662616462623265303062
66353561623064393330323330376461333238643664386133393062653063613939396632356362
63303961356365393731623166363562393839633537636565626433613734623533383262346431
33373664653636616464633830646139656236653966623333653033323636623034633563326464
37316563623664653065343931623061373130383130366536386439646339633236613339636635
66643766626462383062316138373837373061306266323162383964393737653036393562373933
39393433323362346364393130323831623032376636396265363837666663346531616535363865
64303238623737373534303138333637383963323539623739393565633965303733303537356336
38616436626136356262653833633966363164656166333137666138656638333166306637656161
37353461363564366237363633646630366536383562373061353735323766386262316235363737
31666261623234323165323238313666396561666439646437653431633563623662323231333066
39386230323964336135366366393134386362346163353563326137303136303238383339613861
33363537613265303762643666643639303162626630336437633131393435366331646431616538
65633733613332633564623236366530376664323634353734336435643133623262663432393762
32653533323632393030366439316433636136343962343734653031623063373131633634633139
37643436666437313938636134393130393730613561313934656364393136356237663662363263
30386236306630303739626533356661313364636266316136316562656339343262643739383030
32646338333163343766306236373966326335393133353662643832353433383338643763613262
33393061633437663932656461636533383335373563653965383965323465643262356665363838
33383632373430393761313964626639646265633465643638363563306237623539613264396466
63613631343131313836353731313463316630396666616630333366303730386534633631623336
38643432303964626563633030343764386139346232636231666330373862626564346263653139
64666237663839646431326462393261376635313933653036613662333035346334373338643064
30326264336563396331616461613839323936343261383239376239363033383135656562336366
62643063633335303866366137333537303230316262306236313462353330633063306665343965
61363536636265633263323765656231663535623965396266643264633465363434373037666635
39343665353261343431613837646563353764303733653430643130376561633866653833386630
32626163663733626337616436613934623431623832316365353036333438306666646366633237
66356666333861353238326335346361646566323839356531396235646234333435393730393030
35613636346233633531306164616563353565363830376538316565323263336165656363333733
65343038303139363664303361353835383632396138303039326532353766623337363362386363
30386462356663353335633363303233363437326237653631336136323134666635343837656235
63623939353837363065653332316562636232646339613131316162366237396537383133666233
39623466646664313135303333343730336134353736353865663536666332646439303463313833
35643737346437623865323237333135636330303262343332666362613731343534653738626662
33363634393039653037396637613436616531633263373363316239303636653866653865313261
63373962623365623737333761366464333435303564646333336534323531646663663138323536
65316334306666623633306266323564373730356136636533613166333632373435353762343630
32356166313930663338383030373830656366616632386264616433646462306135626266383037
36623432616564396632316161386434653163363339336237383534383234373239376464396561
37363565643166633761396130306266383361356564303466383331636133363163343562376561
35393930366263336234623233333436663337313533623939623266383865633761313636323266
66386332386261333261306562366232306462386663316332623933316265616338653432313534
32393937626439366366376536643730356237613531386662303133376265356161626230346264
33646132663263386661363036616366363036313864306165343533363232346634313935366531
33323532626265346336663239643233623733643833363735363639663463323434373034376265
37363866363663393061353762333461393939396632353639613134623938623566376231386433
66646165653865623531316465383661383762306335396230333064316435323065623539313531
34653164333465353964333939313236656464336466633535343465366339306262333734373336
30653535343730373339373934326664376463626339633964326331363532663033623834336536
63646639303162353964656261636238643038303134643263633866306564376134303039653936
32326239633666356531653264623233663061313730303434353164666434633832326665643464
34376232646233666638643462363362313332663966653131313163376632396430336337363864
63306164636331313935313730626366663261633131613835346630633637646562623430353137
61386236643862366538666566643163396139616339663765346361656333666161313334323862
62376131376637666635643331376661633631323562623663613964303865663935656133323964
39623233383765303737313266343738346439323833653035663365633538646464326363613036
32306365336430323464636334636335646139316461623837643534323030303436363830353735
34616139613334343362383265646338366138646363303163623334313637313033313061396334
66613763396634643930663035366636663135323632366131376664333430313463323637376339
37613361383836313562613963323261626639316635393230313732666630383534616465343237
66396530636432376139663831636533643036653337626335303637383961326433303961386636
62663534383236633863353265346264313464313336646133623164646335346337383036333836
63376235336538313633626634656633373661383535613261663961633264363564633633326162
64346635393864633763393938396161376233396537326437613633623137393266346138636135
38343732666436346131363563386631646330363564323965393637636364656233306363653639
63383032303665653132653265616632323462613738646462613832323339326566386630656633
30666332333361363961376464353163303363663132656633393633346262643133636136623365
32353835633135636236326531336135646262353939303131383934343538363033636333353832
65383730663064623436333134356666656535333761353636633137333962613262663938643661
61363062643339333137313837386234346531623335643566626561626234646661326662316438
62356636373263333731656532616537653035383833363263326233636239306131646434626235
37666531376332383732373437636435636564623030303665323964303330663339623764353737
32303337376439613434656231646231303135616465646333323463613839356437366136313634
32323766663031636163623066656164333138653738666432656665393363353635306564376636
35316331636534356366393930623061643236393263386538666332306135643038383231373263
31646261643035366234366631316236306137653335643131616461646366643261666336353739
33623531633136656633626132313930353266666233303233633538353038383663656538353635
39356335643833346463646665623565343065663433633063363832656166653832653662306236
32373035616361626434633665663837376437393666393130313566363833376237633834626430
33653039653132616661383766353135393166306631653738616163346437323866353532643335
63326434376536626635363263393334306233643062633964383338373066313834343062303564
34333462663037633465326334303335623734383163313634623064633331363932333935663436
33633232616330353334323264393538353865336433396239653238666537366638393164343936
37633761643531343962633933366534343836393039643633666565386666396631626133653232
36303232353362313463663563366661666561333132616132343465653865386537356537383533
31316438316133383463333530656265383661623137653562393834356663633931616464336463
36666232336634633963653430326465343365343932356439393765333639356461633431636639
66313865383031366237323833323238623333346462386530653238636638316365313630623561
34353431323734633838306161336433386337636436316663663038383962306331
