$ANSIBLE_VAULT;1.1;AES256
62326131613935636531373538373764363464616333366335346439383631646335303733653835
3431613034373464373638303336313230353639373238660a626633626462663738623062353436
61343635623331613863343234376366366437333038363136363437383137396663373462373131
3835316232646462630a376561373362626231366465353964393361613930343663643938356664
36383038643333326431396438313465373866336563623930316330616233396166376433663338
31633062623665396236626466643938323139396130626663353339393738663664376234373936
62623537383861663565663331336361326665323963623161653562623633653937646135306565
35373964363434643366656637373331303430373431663364646463343666366238633737653138
65303565636465313866653137333564636461623831383962343237666262633039383235336533
39363361666462393466653363383135323536656130646433326261306639323335333233366231
39373736616566343464386235313464653933363735363237323438373239613733613035663734
64356366663633623462656339346633363666663164326634383662393231323333656631653339
39613865386665346333383764363437366537353661613634303434643535353566336134383363
30633335346433353265636337643861393062353333613931306333623230613161396335333961
61613333316464653363626637663039346331353661363834333236346436363336343630353462
64303465343162636134346438323565663062656639663938306337303730373136353030623336
36336233396536353861336631306537623734383439633165343334393932353938313263396430
39383633356665346331343836373630613531636433333063393863643031323366323837353530
31373134646362383534616264363034373030356133666263323361386539646333306631666439
63363736623437646630616165626138306235356462356538336631313463656639613136373339
65656537616230346431656334626134643162376131343062646232373037656234343136663732
63663130396236373937656636313364323466666562393037633434373964356634376533343661
65336633616563393366643364313737306264383966376532366661613564393530363138306563
32346635313339343132663533646566656161613662346665616338633330303532306339346631
61326663383237333865343661353237363130636462643838393836393365656431663438373136
66353636613466326462353635653739326335386230366162363163393137623162373436333132
39343039356232383237316539363262663130303266316264323638633463633031333530303631
34666538633832326331303334616261663730613936346432613431316633623963653631616138
32653630636663393933356138366130396464383963343235363734613264363763383762346139
33643461366134613938383065383764343764636164376336363462393637353963663538363363
38643536363764396339393365356430336135346631333735373765353162303538306231306134
35356430363761653031336363376265323564383630346166343833363631623465663861623533
37363430336332663165303161306233393737383239363662636365633563363035376232636233
34373439643832626261343763336538646530343537323165633364306632336436316539633131
66353732343038646536326666343738663365366462646165313733346164626136366663326664
66366666373465313337663436373262333561653136663665616639653639363338333336373965
35623335386633613037386164306637663563323162326164316239376132303130333363303537
62343161383938306430643233363033306430363563333738336431656331333534313837626564
35643138633432386161366631376339373739346437613137393662383133333333653365393038
64633630616535616135393634333937646231383532613234356133363063383231646663366538
32396663666535373465313134303731303364653733303061326463636131363830383063333562
62313564326231333534616530646234363364363439396533323136336161646164383861323839
66666339326664356665616334376464663637613330313735396238616462383563323536343961
65363030613637666336633262333533373833346536633165316231323835623032343737646336
37366231363465633231353133666134613138326562373037326364313036366433326666373536
38353937383033626237393231353736316633396461643337353266633865616637303730383335
31333132613233373365363734313533333864366638666564613236333563623665366131336535
66346664636261633031326437343837646464323436326436303066636537306130363035633235
37373265663331633830633365626539623863656630363037376539646162613561386630353335
30316465383666666432633336616635366663633165396135346131383230303035306164306137
37633634383264636462383063366564653361373461316130613661656365663530313265313464
30643633623164636232636539353030306230326563393234623763313439343764626439383037
38376339636236363338343232623039323965633638333362613335333566366365613766373766
64633737636266336537303962316430663635393366623165313333353166623135623436653230
33356236376262633563316230623261623936616261626163613635633834613935326630313962
65653665393066363462393232336539383036376438316235303532626562356464306666336662
65363438643634633235366434356337326535393934653730366566623733336437663161616132
38333162623235386530323434373030656338643637383761363362323630383062356363343434
62623438396465626435346465663239336265343462306435653262663962313962316138313164
38623636366661313966643664613634363031643437343235616239643538623564373832653362
35356462393565373431356561373633363565396334623431623036666435323664666265643235
31643838303538356537666139313437343266303166323833303639323632663265393766386632
33623832383963386633336436626633373265343266383233316330393930643330303962656231
31333664366632646566376262353135323162666431363331373364623065356238613938333239
38656632616465376439646661366235373361333430363736393963393235653261373261313564
66306238346337396231343833343565393365363937313131313439383232353932356335646162
63366530623439623835313131666232643636316466323464366163653833363434383461313039
63363164626138613264313230666265653463666235386330656338323531343131373438313366
66633665303166386361663365656435373363376636323231393566623536303838303937323261
65353436626161663530303962636339613864646437323535376637636130653363333331616263
37343665636332376234663662636664613438393862653337643736323664653632653934623239
39386564303832363037643933373436623262303834383232323666396262383365393664383861
31343331323664333030663362316366363966303738623031366636376161373966386263636639
34346534383065633565633832366664313933653163333638366163626232343162663365633366
35616164633134616630366331356162353063373632616234313361336636313063646331326133
33353836653739356464366432343834336464396231343733646439366263396631346637653865
63643533393164346638643065643538383330313336316438633631353436623464613463316431
36306135323232623838613634633134313936616364366465336338653134646231343334323530
36636264383935666634636337346432643532653138326136336166643439306531303031666430
64333037323735313233373530383936613539666364393961303762396431663838323961376264
34313162623433343630626439653237386562613535623233373733666436373264383564656537
61346166646430353465626339656335353936656535313163323062663732633733646334386464
31326131643363646365353536343530373939666236366538623931623836366663316565653961
63323764666466396331356436393630646466376635656537643435613264303362323931396130
36333036336162643030616263363266663236343963613930643931373762333464336232633039
66653232326330633266613837356436653331303232643733363738613730653939646633616466
61646131343063643836636431376265343832613038373462326639383933346638363034343634
38346265326265326164306661613034316636613765313064663731326162323736633434353433
30633333613763373532616335333136643437356532363639653236616530666538336162653534
65316231333431313161666133626130333965666261393531393463653964386334646165666562
66393365333365333263313032363537313034383435343461306430643332666635653232353938
38343865386337353734373765663162316238333936306235643633366261643939653439643239
61666266623534313632623162346634633230623830326637386166663633376133323535646161
63303038363062326131393563386461643461386163643766346662646635306634373466316432
32333336393932396363353862373439383062333863653038663739353631313038383836366332
33613164363639623539616332653833663964613065366165333535343834616434313164393037
62393039313832636539326530383936613238336661646165616337666163613536666436633965
39383131353534363235666261353334343532363332353132313433373961303466383864663962
30383862643433363861333465663636383562343835363064636139623966383434643337643130
34346130303530333361666361613132323536386639643639393563396461636133633931343239
65393935623731376538643038366131393864336165643031666364303033663139666465363466
62643365363066633366393833356433353239316362306434363136333939663834366233623639
32613639653163346631363366316331613033633237666561663439396464663937373765656637
33363937653631336466656333373636373138343230316439653635626235373861303330666465
66383363363031386335303061633537653334616233333563396536643665326664613365336135
34333062623438373633333336303536663937363163343430356438393935316533613939323061
37656533363936346635633265313663623734646434383065336237333637633366313531393662
63636366326535353830636365636232326138326135336638636461396664383837343031353033
32386539373337336238643861623264633530323936333163643565613134383163626536323862
33313837633830613838353361316337306532366165343838363166616638383838643566343738
36653935643531643937626231333338393861393762356538323537363061663061643436646133
62343266393834646661636236316164316430636638333436613433336332373737343165663030
64366638303061306333333733353665643437373435653631623565346432313634656236613065
30623432303966613463373538396364363635373431623437653666626636303764663337326437
64626233363063383966643666343366383037313435643136353734373533303465646236626635
62643535616431616135623865396366613637616230386261353430376162393633366239356439
36643164623435623063363332366235303635396464376532363834636636323236623362366637
35633262616665303639643835313565343636376362303339346632336661383936316364356362
63613235373261633032646663663365306563386662343533646463323731373962313836353965
61356538633532336132366162366138646566353762613338396331663264313637313133333031
64373535353163613231353932376437633031363933643361333862343464383563313738346165
30306239613932346465336565623263663137626534313534336633333764316265633665323736
66303030653736623536633261626264323862303964366336616436336436373137623761343738
34303435373066363261313930613039636633356564373532383634623764396130663065623236
64396665346265336136373532656235363264343164333234326661626631373463376333363534
36663863663961663833373838393264633766636361383536386139353034393137386562383337
64633034386132623833353363303538653830393631623030363765623865666132373561393364
34636432633131346536636433386637353332343835633065336664346433616265646534623532
33633763353333383665396566396166353166666538383332316334373634343063663364313337
64616162386639303564393939313734643264386263383533386363363163316133386665333332
30326336656164303530376266393830386261323735363036323162623636396237316163343765
61343966313566356465323161356465373762653634636537646566353264353162626238613564
35306462646339653466323038393935313464346231303534363734396234613537653638343432
66303030653365663764313637656332666435656232323931306533393662326564376437376136
30376434633638616233643138373561316364376664326334373632353337363036323264323162
64333663386335306531383134663734333065336339343239653737336463323131306263653530
61323432616139333737343836623039626431303461623137383163656635326635366132643831
34636461306435383034656465343230613864383363643465333635363835333861303536313437
32653462613531396434646639653335353431656138356638363033643637363966653332633039
33386436333135626136373735613734333930646263356639643561656338636230386635303439
37306532303632633462343761323637313366356439613235396264643230306265373239373735
37663730316334393863376563666430336534373264383362343631393138653832636134343433
65666332303161643433316639613266653636346533663161616461616537373464333837386466
61356539313336653834616564636431383031316563623462666562333330636364393261393533
66396233613638326138393536663034353939346664613665366236623862333234646235386365
65376139333563333631346532376634363761363533373332313331353866363932643632323663
64633737336236356231646233333462326333633039663636633539383566346366613031363133
31326263383438383639366537393135323031653537326565366532383162356366313237623036
63633464646362326563633163613134643764626463663230616234353236623463626135376265
65323336363233383832386266646665393139313030393163613862666539666231303839323631
31613765373939316364316137373065393966326634303336306263346334653432666632316433
65323936663565376137373666366332616365623437633634373261323733313130306133313264
62303261386563313263343536376565653939336133616232393336383366383661323231396434
33373735333332396633616138613331316462633132613762646365666139393865653532363634
62303730653366343864653136316639343166303735663439383932303736613631336332626136
32363331306237326666633131373739653530393031633031343030623962626438373962643965
31653535613865333761616135376231303362616330313532336634353634663735636164333065
63653065666462663963653134333532313239373638326531613761393534616135356262343839
33363833396665353233336466303435613138626433653636353037656538623163653364383866
37313862333039666230613638343532313662623932343630336231303362363738356263346166
35303335376435393336303861613531313262323831356165633266613431646266393131383634
34663061623961363963616662326335383837303737356232646231356266663838313165613538
61393835303937356266336136323761323666363634343036323066306435356232366438306635
38636266363636653139396238633733373132356131643064323462303136623334323166336530
36663664326630623330313064323739356434616664343034636338616666303364623636373534
63613230656131346361666361336334383466306465306439643436333966666335663566383436
65663231363766343037336136346465353762346539363239643239393638346666313733613862
31306161623333376333336335356336643138323263663737643734633336656161393331313830
65366537376361663433393363336136623563633065393932343664663736633662643330623237
61323266633163343238303762393564366632656631353563393137323938373364623262346332
32656133613832623834663662633262363430643630643532323036653566386233623839613266
37663232373761353930353738356434316532383162323735346637326639393130316566376435
36643632316639646262353464656437323034363962653632323336333437353932376462316262
31383662346263656563646566316262323763386439393838623562336561646261623065333635
62336532333039393763373765613232653135386361383837623633326438333732646535306266
64376361613761383731646538363266393639613866626662636437643636343065396530653036
38393530323531616261313965396436623639646263613864366137653862373533336530343031
30633731633863643839393462313536353263383033333764336562616430343961656563323634
63633433373332383061326538656166633162633063343733393533663933633139343736613163
32323666313662333435636339636539643637613765663362636166663662643466363261366639
39313762363630383963623039636533333738333138616138656166396139306465363636383361
62316435613634336339363666656633623765383931353663633433643634383833613632313266
32306366386166656133643930366630346138616465616162646333333539623435343865613361
61386163366634653234653532643439346665383632656164393637666661376332316261663531
33353936393564383437633262373637386536366631663439363432616633656139623532616264
35633063363033376665666630653534323132663831393764313637336533656637626464326538
30396633633532356236616163666164616530386361326637363131373131306266633133363036
34623837383438626130396630393061636339643038663036323538323435326638613039616235
65363366353633316238363466633664643934346364653136663766356364643532623030666564
32373937643036386236336435356264303430623764646565616338393731326339613165316664
35663236363934343930663765623563303133376533663131626134383338383036383664396532
39336666326463383431376164363561653664616364626565613937616263343433326432356436
64363035366436653336653363363839393761613131636137343631303539646262323235393637
32656561303739323434646561306235306130373865376230303063326239343066363239393564
38323237363934363337316162643038356266656565353665386230306434373330326364333038
31303233363333353935343465666438313462396365633063373162633835303031336131366533
36326238376164663466386264386335636337356663626139343866663238623566323766363266
33376339663962313261306231366435336334313465633262643862653063373533633562666431
33303833313163636662333131326661316637633430633365323533376631623666663930323434
63323861613363386165383430643638303939336465306236656539663364343166643539623436
39646339613832343664393062633765336561393432666166383063393535343330376231663437
33343539323433323866626139353333393261653435383535303435306532393134393134353665
38303934646636373533613162316136303633343933656332386236663365393333383465353031
66316230623435323538383736303930376364356163343431363030646463373466343963336465
33626433336634613565303665383964376438386431336135313930643761616436666462646238
34616364306464633933333263643530303536396436386339333262356233663838366232386537
32323063303564386432323136366337333337653135643566313265346139396639666137653665
63323230616464613831306366373430626137653364316139353664356565656539626566333036
34646335656430613834616636326234316437643762613934646338396635333335663331383665
35363163643035343964343533653634663231396631363637363935336330623761663639663261
31303734346131366165393264306534396133343534623661633532326633393833633961343331
31356365663136396137303066326533323233343932373166393330613731336362393737646334
37383261663731633865303233386563303362356530623232613962393363613434346262393166
35653534346661353732613331303439383661303362376435323736343765613230393064306265
32643131333933383766343832653531663930646338366130316366303633343735373164303035
64343966313438343664333465393265373235346531666236386534336164383730326435353334
39326338333934323464323362373531646131373163393236626663356639303936353030393663
35623035663637383938636135653066626338366233363730393535623262383439366533386566
31386335623339636366323235373062333966386232343266656432386536353338393263313730
62383232323261653461313536633137663935363233326364306565373631303230396338656563
38613530383566646539383031333439393737393834353330323666643334343934386433326230
63343236313961386633303734626664393462346330323364393663353362623132633165386463
39396434366561656335303037303131346239383238356262623663326364613338313365326565
62323035323666353836333564626566626533363836316335613134313036373362373930633061
66613236316536343834626338316664616164636638633836386564376631343235366665396166
66363334333062376361386338323939633339626163316166343861343661376137626463346632
34393932633832643635316639323935303737326563326263663637363736306162616533353166
37643530353130643430373237613331376565343863333035343930643236303063323934636662
61663564303139633663623565653832613736383435653832666234373735333838636466393631
65316235316264383865363133326236653638393631616336623634653563303137353364653435
63393435316566396333303839663539656535636133623835313435373531646162383339333735
64633833373438393065343963313835616465663663313866336232386332353830383265393436
63376661343238653733356338636336653663633561346463366530373735323166343333336230
31333762393965316536663562393933613335643832353334376430623731633939303364346533
65656164383463663863613636393961613432373139313633633764656462653337323939616333
35363430646137626239363565306133653936326532323066653632646433656637393733393964
38653234653566313961623433393063663431636236626330343736393663316333626636343138
65326137346134383539356233646538386664393061373161343330363761633033343337343963
33663363333334386533633539396563306639333736393336353034643165386539303730346231
33636632663331323363643964313333373962353831666333366635313036616237613038323664
62663765613939663165323535656532623966353831383936386263376265383966313937363130
30386133386161623236363364656436386239313032633863333133356561633462306638613139
64386337666332353062623466613532613134323632666164363333333962336331343537636631
61633864363963396363306166666233363265373730353532663536663433353733386565396130
39376332663434656662613033656437623563363232356433613136316263623539393561306261
39393233626237386236306361613332353561613766663866373661653133616261336632373066
39396437366563323737643132373931333862393965343335306361313037373836363563383232
31626135363065383231366166616438366262353062626433666237343332303634646139646265
35636163373164383336303930303235326338643534386331373836613665386139346363613130
65313963316535643762383765663133313462343238633039363263623931313836613433363239
64343638663938626164313434643935326338636564636530636663623265303138616639343239
38316230666634353337316132636236633030306163393763646235333935303135356636356532
36333833636131623766316563383433303533393039343734663838313137623666383432306662
33346637373335383063616133303739373437383432626666393762363539363038376337393433
32313961643830613632343430333961386334333439396635383530373363623235326530383366
36343764666539316163613033363162386465623035346262633934633366633832393834626464
32393333303839653430353837356365333534376634373838366537303865333466353961373337
31663866376137353031633638613231613934376163646530613136336338343663646239636531
65646236333564363039366239663439346563643432373937313938383031333632313761393535
64643937343637313866323763656466396533616133613934653364643434383261363937366163
39333038653937353462386161316138316332326337373833646461396462656231326463326338
37633036306432363134653064613237356161336563373163333533653063326431383230373963
32373536646136663731653236353331613666623930656237616664363664653633636361373639
37343030336366623430383663376137373466663264333831376563613434363661646136613963
31613535653835333439316532363361306336613061316431353830643934396335616638373538
38346564333030663765366563316538376561353232366139376361653566356533393437653237
34386233396164633333393966306430383136396362623030326365333930383839303230653664
62383833343537316536386566663863326230646563343566636331646536663562333538316562
62323237636263623036633762616133633133386132363132313037363939646537353465356331
39616231343537393935313936333538663130666536376465353832376330346231393133373337
62333066336534313164643562346439626238613735336632316432353865366665366138383133
34613237336165326165303161373235303530353931393933633063376633373166613030383064
35373762303466613433373239303337303835313333326531616238313963623733343136663836
36393962303132616564373264386333363538336635663839303262306662613765336334326330
65646165363630633063333139633662636464326431393837356437613665626261306634396230
30666633383466636533396539336165646432326366373464306466343566626237316461666138
62616339393963306234313962383430313462323732636330326534363739396137343531366530
34373933636563613536346235313966313237363366333331306337323730636231383733653438
33643438386234373032353164636530313266313433346434623038353566316531393161633232
33333065366131346431323464363238613236323934643134646232653562613366616266643035
38393230326362363839616236383832323335656133303063663333633232306535373336373639
31343562383231373233386438396230396630363261383939663531613330373866376636346631
66636138363066626232313538666136373134363963646238323466396337653637316130333034
32613636653762626237313566333437626166396134336632623639633833303134386230353531
61306465656264666663346435353864636333376539393763396132303134656563383432626164
66353031333365356630306432303565323466636534323364343231336663663166346537633430
32363137343335646432653262363635623134626434643638333339353234326536343235326465
31343733653231323533346636643164633931646635376665383166346131353163336338373062
33386138616530326162346537363630333837613832613436316566306136363139306664333038
33356636356235663865623332636264323532643438646431313536386530353530383135653037
39373666383936323835366665323137646533346362333435623462343961323836613234303163
33326231643461656232623939646635303334336237666362343037393833393431636638323764
61346135636566613636333936663733336561323862623337313239666534353162636133343236
32343234333363653565333130613133303730393631393539653636663530366131393961653335
63623666303730633436303336386239306466646234373534386431323039353662623631303430
64616339366565313364306236366332396638326434623639313763393937336232313138643663
30303939343835633031336164373665356532613961636563313137383535646437386134633139
37653664356365323265353266303538353538613239633637643162363762396233383232366231
37313239666666323461306534626633666163333865376161613238383861643862633134386465
66303430666237643135666135336563303962613835323639376135353261363531306139666131
65373931373938366535396365353434663638356662396633363836663763643738303262383266
66633963313337333636633139313164616166303662366535303739653762373732636134313734
62613462306262313538666463323836316632613430366639373832366533633231393738386437
62303632643734333166336231323563636234646330396634323939373038383062373666366436
30633531383664653961633439653530353763383635626163333839323838636133376333313631
63353635376430336130336239313937623463376662396636363334663636393136666336666239
38306666623666666635383236643937656232333063326136343632323338636634376238633865
33333237333535633231633032393531346237616434393735366331366665666333303766373634
3732
