$ANSIBLE_VAULT;1.1;AES256
33653435333838326166663536386436346138326538353966643665653838333538336563313966
6431376139646133346364613835336163663565303938640a656138336132316163326139646637
38376238396335323666313835323632366261373066383531353636396131326164376332363432
3331373438356130630a343830333966303336653566623235343662363139663365333532303162
39366263386564653761383539373130353036653966333863666233356631346331343932336133
38656432316530663034356135666136656333653163366436306238663337393961343234333131
63356436643935383334623435663339306630353835643463366262626339643530353535623166
30633562383333306239643366386530333832333364356435626363306239313862643462646364
39646630323637383638316561643464616239663762646432656165663564323865343431306664
34376535633433336537373836353061353864303664653861613730663030396162353732326563
62623139383966636363613334356263323562336561353830303431376636626264373630336531
63386464656361396263633066373838386130386461373738396564633334613264333166613435
32346431303330353039613938313835386536643736323331333731303165643562663631303363
35393466623431633066623262646136643930336265343534353134663062613365636637346632
36333137336563633438656230313338353662376562326530353834393265323234373964353230
64626531623333613234363739333865643931653461353330333639323663333938323236616233
30303265626564376161353936303865313763653937393466366539353931346166303362386231
38643431313630346131376133383133306166653437343864396339383264386461326633623838
37623265643431303062393133323336656163343738366634386234396562633039643964356635
66663161656537653061343335303461303035633230323135633232343933373938383462343232
39323435343130663230326337306561633339316162373230383130303230626262623836613434
34316131656436333765653430656138356236373264623730356262656361663163396335613038
38633232613937373961663338646161613961383263316361333761666335336464313231323132
65626262613435626335356239363463326161663338383362303130313338636261643332616330
39623661336132643465363861636136663465353234333036326530303737376434366562363639
34366632623732333737373663383539303731353161366638656530373862323062643834393666
38646632316362356232306632366236643163306432306634363063306337653761616232343538
38323731336465343635313034323866353064336533376262626630343461643734386237333265
34333864356364396331393265356137636136343464666161656430376361336235663431623637
32643130386466656239653438656239666662616139353735656632383932666237363136393537
63623431653466333533313430383461383437623134336631643137393038653162643062356263
30633235383338313165623233346433613766303231363263633234343064323163376537646464
66643464653665313465613534366534343262333839303133316664336261623539353638376337
35653932303931316535373531626561663134306436633833356663616333363664323533633435
62306137616538386534353736663138653230383831656334633263613937336361336638616161
66353434663936643664643136653639393239383464313863656432363430626533343439363431
36653434346664643537343736663732613036656339356331393362656263336361656264623563
64353761646664663461643737343166616438323866313565323565353930373038373937643539
62306339343562623763616533666236393530313061303937643864353434616464646534306237
39633935353232646561323361323730393935306334623363356137383433323661306436613530
33343139653438626663346365656565336432313061303030316236343530303466653837613131
31633963626438643837326338646166663363666463656132356330633164343763343738336263
30666361393039376435333933636636353932306234323238306337643539346230643866393932
65353863666330656334663536326635353566363766363464386561613732343439646337323362
31373839653464316535666436386430383761386630646535343830636637636334623630376566
31613663303235613632363737356464653666316266613831343639666639393465626265363462
66313332303366373466666430323266346262623964353761616639613732666335613331366433
33316331663536366535656336363538363930633032363934656161306264646236613334383635
37383432313032373731613461666462313730363836643536336161343365323163306163653039
61343565376561653838626332646131666135396462336663613862343462353131353234313362
62363632643566666132666566666565653832636463373130636132353331353535656638346233
38393330343933653662366566626464316134313930326662623832383835336438323933633961
33323364306630633735613430336638343264383837613566306230303866346339336464663763
66356165613731653334663839613563383862653466383833623761336233646266386533396239
63653231393861336236613330393363396464313965363235363439303863316332343337393662
37326161303634316338393730346238396636656638333738383665353664656462333262613864
62353630363432643730633661303732626431646464616638613330313137633337643566323339
31353366376438333230666566626661393064396461383837373635653633346464623438343561
36366563333036636630643635383837633866313463656164653236643233633664336634373434
35363837313534373535323864363731666334666265616435323932646134323062383362633762
6234
